070366067
081170352
005624697
007980089
031978315
050430354
050630052
051580298
070164231
070286125
072479009
073248429
079080834
079837464
080080167
080127033
080129214
080171115
080254391
080387434
080598111
080662382
080721765
080738736
080784488
080838645
080969364
080971077
080979412
081044253
081056455
081067768
081080142
081089292
081113050
081120005
081166983
081189014
081200336
081237073
081246598
081247242
081286331
081324428
081350883
081389984
081450090
200332198
000006882
000747881
001140128
001185669
001207513
001783349
002086916
002258820
002463644
002632008
002644888
002660975
003073558
003079779
003135498
003148418
003151370
003282233
003325552
003392107
003560372
003646759
003647021
003674942
003714383
003739117
004036708
004230157
004242020
004286787
004319448
004389466
004423588
004785317
004808952
004874665
004893343
005013529
005067905
005103247
005111984
005140199
005187034
005206214
005213654
005215165
005219654
005315452
005340211
005375662
005479423
005490560
005596622
005624697
005696091
005703285
005824289
005882444
005896659
005925003
006027619
006078596
006089072
006153639
006175400
006223648
006327316
006364582
006528780
006564439
006574438
006576581
006602296
006640692
006642326
006650071
006650097
006652754
006661060
006665772
006678312
006682124
006726756
006825822
006887160
006890040
006965982
006970867
006972970
007002520
007010168
007020548
007032613
007058043
007090491
007150766
007152044
007164080
007186794
007198229
007206394
007211063
007223472
007244148
007244965
007245905
007246382
007255797
007260268
007261084
007302219
007319452
007323496
007333131
007369754
007369960
007409659
007440571
007464480
007505399
007522790
007530306
007549587
007564545
007582190
007604556
007614685
007702178
007709140
007710999
007730575
007731185
007734619
007735996
007737539
007737547
007760952
007779424
007784499
007787948
007830458
007878200
007955156
007978745
007980089
007998065
008002776
008009177
008032081
008043159
008074809
008075932
008081085
008100828
008126955
008154494
008156580
008193260
008208589
008251803
008282550
008283004
008310500
008325805
008360059
008372740
008397655
008401911
008486672
008526642
008526980
008562522
008567091
008575011
008601411
008618548
008677817
008688160
008750283
008762270
008773434
008787020
008836256
008836991
008841769
008855603
008872764
008910234
008946485
009015132
009038969
009054552
009104910
009174806
009198128
009198466
009203191
009225772
009244070
009244970
009255772
009256371
009263401
009281460
009329814
009348723
009355777
009371782
009376021
009382755
009419102
009446683
009465071
009535899
009543174
009563388
009571076
009571761
009606641
009612870
009631508
009650193
009656554
009657248
009663139
009672882
009696436
009768151
009803099
009817354
009868019
009939430
010001840
010057313
010070357
010074201
010075042
010075430
010076917
010285328
010294072
010318939
010353365
010371409
010397321
010405793
010424976
010530152
010603462
010614782
010620771
010621027
010632891
010713576
010743722
030078588
030104053
030109722
030148860
030158018
030204937
030230452
030273619
030322606
030329791
030349914
030363063
030389506
030396568
030434930
030453427
030494108
030496194
030520316
030558241
030570881
030602759
030632145
030640486
030659643
030668800
030674006
030683320
030706337
030725113
030747927
030767321
030772057
030826002
030835268
030893143
030908875
030928956
030939268
030959803
030972772
030999064
031009392
031028806
031043714
031048606
031059140
031062946
031073612
031142052
031163405
031163819
031199532
031244635
031276736
031279318
031288103
031294176
031295017
031307051
031331283
031345325
031347305
031350838
031359078
031375488
031379027
031395866
031404908
031407810
031442536
031446164
031454440
031457419
031466782
031473002
031476518
031484702
031489214
031491244
031510985
031514367
031517428
031526684
031527385
031532609
031536659
031543630
031546567
031561780
031578826
031584253
031603384
031611031
031612062
031618275
031623994
031629173
031629470
031633324
031639214
031674161
031679186
031686454
031687726
031697451
031717127
031727829
031732472
031742414
031744097
031751019
031751258
031758196
031773203
031784929
031800055
031820335
031824253
031831985
031832793
031842180
031846199
031852080
031855703
031860133
031863467
031872831
031885635
031889306
031900830
031913361
031914666
031924236
031931033
031931306
031940117
031970833
031978315
032003618
032004137
032016230
032037053
032039158
050000249
050004910
050014323
050029628
050039668
050043280
050055409
050058635
050073949
050077593
050081256
050082015
050097500
050102276
050110493
050117100
050125038
050131788
050157700
050173327
050176189
050178672
050180967
050187426
050202084
050208677
050220094
050228147
050237841
050245398
050282896
050298843
050344340
050430354
050432848
050440841
050441286
050450386
050468875
050471549
050485192
050492008
050500289
050505908
050507458
050531292
050538172
050556745
050564475
050598531
050626332
050630052
050643915
050648641
050678598
050686492
050692110
050734623
050736602
050752609
050789296
050854140
050870997
050937275
050949403
050979426
050980978
050983832
050988922
051013068
051039964
051062990
051071330
051073617
051092203
051129898
051140143
051151413
051156891
051171239
051175016
051179760
051218675
051278299
051285716
051365492
051366284
051399392
051417244
051433613
051447902
051459774
051468684
051490795
051491397
051501344
051509859
051514198
051514199
051519635
051521136
051536357
051548717
051555878
051572709
051580298
051596625
051599603
051613362
051619146
051625051
051662955
051667871
051685568
051698926
051699650
051713717
051733178
051742898
051745453
051748531
051757433
051758936
051760676
051765360
051767234
051771053
051780369
051797082
06682124
070005731
070006283
070008826
070018726
070034756
070070891
070072731
070079306
070088877
070089198
070093745
070116603
070123682
070126222
070142989
070163639
070164231
070171665
070174602
070176680
070191184
070203773
070209473
070238811
070258686
070286125
070286893
070308010
070312798
070314331
070316062
070336854
070341672
070341995
070347968
070351382
070365242
070365473
070366067
070374657
070377908
070378286
070382197
070387808
070389457
070389580
070392089
070425020
070433198
070434907
070441613
070442322
070448493
070452057
070453378
070455217
070456249
070457353
070461108
070469820
070473392
070473418
070473749
070475611
070482146
070487467
070499363
070506613
070507231
070507934
070537527
070546742
070555230
070556279
070557749
070567094
070567813
070573472
070608468
070609961
070610886
070614714
070631619
070632476
070640164
070646955
070650106
070676523
070693940
070703053
070721113
070721816
070726385
070734934
070743505
070747753
070749577
070753512
070754429
070763248
070765953
070784590
070786439
070786710
070787288
070794193
070801287
070801832
070801964
070805833
070807011
070812516
070819552
070821632
070827860
070828249
070840962
070853080
070863428
070864582
070876396
070881727
070883939
070886932
070892773
070899687
070900436
070913512
070919709
070922851
070923800
070928122
070944145
070951777
070952700
070956511
070984216
070989405
070996269
071003222
071006233
071006670
071011803
071026827
071039259
071049175
071051171
071071203
071073100
071073977
071083703
071084149
071088728
071090583
071096671
071096853
071096937
071098545
071101620
071123277
071134019
071139133
071149215
071174908
071177794
071178453
071191464
071195200
071195614
071195747
071210322
071210512
071219398
071227409
071249718
071252514
071270722
071270896
071275754
071284947
071287064
071288195
071290084
071295554
071297618
071299267
071312177
071315188
071323356
071335590
071347397
071347843
071347975
071349906
071351415
071354203
071361992
071382220
071383582
071385314
071392567
071405336
071405658
071421002
071422497
071432827
071434237
071447387
071458707
071459028
071470058
071482061
071485726
071487425
071499180
071510846
071512545
071512776
071518682
071520555
071522106
071529689
071538375
071538532
071547418
071570113
071574305
071581714
071604193
071605232
071614937
071615793
071623532
071626493
071641294
071645089
071671366
071676308
071688717
071689467
071690689
071706295
071713473
071717367
071724363
071732804
071743645
071749675
071758650
071771125
071771638
071774897
071776124
071779847
071782437
071790869
071811368
071812572
071817225
071818405
071828370
071830939
071840383
071842579
071852404
071857502
071878029
071886121
071898159
071898423
071910129
071911820
071922991
071924807
071939896
071943492
071947584
071955587
071956262
071983167
071984587
071990105
072000565
072021801
072023179
072023617
072028079
072056781
072059892
072062987
072064199
072065527
072067622
072074289
072077001
072078140
072094675
072094931
072108632
072126121
072131170
072133721
072147945
072152911
072155070
072157142
072160351
072169006
072183718
072189665
072198930
072200710
072207442
072215437
072222961
072224645
072227747
072230519
072233810
072234321
072241011
072250798
072262199
072267156
072272610
072274509
072278575
072284474
072285810
072298227
072304827
072314800
072319643
072325152
072334519
072339195
072340102
072343726
072345598
072346673
072346679
072348998
072360399
072362106
072371982
072376155
072376429
072386261
072389943
072399793
072412265
072432925
072435040
072445562
072463201
072478456
072479009
072485857
072492663
072493166
072498454
072499312
072503824
072508575
072509086
072519911
072520208
072535040
072542897
072543820
072546294
072548993
072560857
072564511
072566615
072569791
072569857
072570351
072576648
072581275
072587983
072588031
072590136
072594872
072597149
072629157
072638836
072643612
072645187
072655707
072667942
072672074
072676620
072679764
072680911
072687635
072695083
072695760
072709181
072714777
072726219
072730021
072744550
072750391
072750946
072756125
072765175
072782493
072795628
072797400
072799422
072812191
072814684
072837164
072840077
072841000
072845910
072846231
072846843
072847361
072849805
072855687
072866205
072875743
072879836
072880206
072887065
072888837
072900202
072902240
072906530
072938582
072940034
072941412
072953573
072957152
072958333
072961618
072966831
072978257
072981160
072981798
072982267
072985377
072985443
072998198
073003931
073007486
073014987
073020596
073029399
073031957
073034068
073047979
073050239
073063109
073094302
073097990
073099228
073102121
073129801
073136905
073145302
073148700
073153124
073161499
073175796
073180739
073192270
07319452
073208449
073211922
073212797
073214231
073228132
073248429
073253999
073255119
073259707
073265373
073282279
073288375
073289969
073295339
073302564
073304123
073312068
073313009
073314817
073325227
073327975
073330185
073331381
073337040
073347213
073358160
073366379
073368078
073377194
073383348
073387300
073387904
073400392
073400921
073408569
073419400
073421216
073425209
073436065
073450215
073454381
073463457
073501264
073511636
073517948
073518235
073523482
073538191
073545931
073551046
073551814
073560401
073579831
073580920
073601007
073610131
073618670
073620825
073630337
073632028
073638306
073645145
073656803
073657652
073659666
073662694
073664039
073668824
073669855
073687543
073688632
073693244
073707747
073716672
073719544
073722605
073737918
073740045
073750903
073756520
073762478
073769036
073769481
073775009
073813305
073821019
073832792
073839920
073845745
073851222
073860561
073862930
073865917
073866949
073874505
073877672
073886707
073887499
073894768
073909657
073909939
073917197
073919615
073931610
073932022
073947293
073952541
073965626
073983348
073983358
073994840
073997900
073999914
074004847
074006321
074014689
074018292
074019845
074021783
074031436
074036708
074042623
074065467
074066622
074066655
074068438
074071804
074076936
074084898
074086547
074086877
074105552
074110081
074124991
074127036
074136151
074138884
074145780
074155524
074158544
074169350
074174418
074174517
074180845
074186016
074187840
074189812
074190257
074199613
074217241
074223876
074239104
074244633
074244880
074249327
074252560
074260886
074261926
074261942
074262676
074267683
074271545
074274606
074287483
074310707
074315979
074333691
074339748
074364050
074370578
074373614
074376799
074378134
074378241
074389487
074390428
074398132
074405671
074419730
074420464
074420910
074422478
074424722
074426115
074433715
074441452
074442328
074457946
074463902
074470725
074472077
074472424
074484254
074485533
074493677
074497215
074498767
074517137
074519703
074520586
074542341
074543323
074546821
074586421
074590969
074596222
074600016
074600255
074612037
074615808
074617242
074619263
074640673
074646662
074652462
074663303
074664921
074667049
074667387
074669029
074677865
074683806
074699091
074709197
074713306
074715236
074715913
074733221
074735077
074747981
074751595
074753948
074759473
074763996
074798166
074799453
074803891
074810011
074816851
074822792
074830431
074831074
074831843
074836503
074837766
074840273
074844812
074845306
074857228
074861881
074872540
074872847
074882465
074882739
074892738
074897877
074898446
074898966
074931841
074937459
074942293
074943606
074949348
074953589
074955493
074956889
074966128
074971185
074978883
074981168
074984824
074995341
075002550
075015776
075029884
075032342
075035063
075041061
075041434
075046599
075051136
075059386
075066738
075077313
075085332
075085654
075091231
075094375
075099796
075108019
075118653
075123646
075140046
075142430
075147751
075151076
075156141
075164533
075168377
075171686
075171868
075186700
075190074
075192898
075220566
075222158
075228312
075231621
075235085
075254342
075259184
075263475
075267492
075269621
075280966
075283390
075294314
075298836
075299297
075304755
075304766
075305615
075312751
075318535
075321927
075341222
075341438
075342030
075342204
075345967
075348557
075358390
075362277
075366732
075370817
075381160
075387787
075389049
075391714
075398750
075413484
075413708
075416107
075416602
075416693
075422592
075427633
075427922
075441139
075447920
075454470
075468231
075470492
075472506
075485516
075488114
075489740
075499442
075499707
075502716
075505354
075512228
075525907
075527275
075537357
075554303
075560383
075565788
075568618
075589812
075606004
075607309
075610485
075612044
075616086
075624239
075638817
075643957
075644468
075646786
075647164
075656827
075665810
075668095
075677823
075681031
075682583
075700898
075703595
075704247
075704759
075715615
075726190
075731026
075733923
075735670
075737460
075741710
075741959
075763185
075776591
075778753
075780742
075781567
075784579
075787143
075792705
075796805
075796854
075804419
075806273
075821629
075845489
075859918
075866947
075872002
075873034
075877779
075879510
075881649
075884692
075887885
075892984
075909846
075916551
075919902
075922872
075926964
075936633
075941187
075958314
075958892
075962076
075962647
075962910
075967364
075973289
075973982
075987495
075991836
076003870
076007434
076040245
076049873
076055870
076056803
076064872
076077759
076090034
076093574
076093723
076111863
076124296
076152404
076157403
076164391
076165117
076165711
076170794
076186410
076186998
076193846
076198811
076204213
076208966
076209162
076220417
076221902
076224807
076224963
076234616
076249549
076258367
076267756
076273234
076293216
076298934
076304153
076305796
076316066
076328665
076329259
076336346
076338474
076347814
076353945
076368737
076369537
076392562
076394725
076405497
076408152
076412030
076416106
076419886
076424068
076426501
076427913
076432533
076435379
076441005
076443118
076443134
076453273
076455136
076455138
076461078
076468149
076475896
076479575
076480169
076522150
076524107
076536614
076539253
076540020
076561489
076573682
076574847
076580083
076582071
076583095
076583731
076586056
076597764
076621069
076631134
076633080
076636034
076637974
076638709
076641257
076642040
07664240
076650266
076656214
076663962
076672724
076673920
076679224
076685957
076689090
076692706
076697119
076698315
076707009
076725050
076732627
076735356
076740554
076740919
076741107
076744499
076747625
076750280
076757202
076757830
076767698
076775675
076781285
076785732
076787365
076790211
076798073
076810340
076814763
076820968
076821313
076832104
076835180
076835370
076836022
076836584
076858497
076862309
076874031
076875517
076883495
076886787
076893239
076895440
076905710
076906064
076909944
076915255
076916550
076917095
076919133
076929587
076930775
076937960
076941822
076949890
076955269
076967504
076967942
076973148
076978386
077012599
077021616
077023976
077024479
077030070
077035541
077036549
077059111
077066389
077070571
077070910
077072692
077088003
077089993
077104693
077105930
077107464
077110963
077115202
077119998
077123909
077130581
077135945
077137560
077155927
077162527
077167625
077169704
077170876
077177558
077181014
077189728
077192219
077205540
077213627
077254076
077256741
077271427
077279552
077285112
077297729
078455138
079012100
079024022
079028452
079036224
079046355
079056628
079057139
079057550
079064663
079072336
079080834
079099206
079402285
079404919
079600136
079604674
079807558
079814323
079815395
079820395
079821146
079821609
079824009
079824348
079831558
079837464
079838140
079841177
079844098
079846598
079850293
079852786
080000273
080000311
080000707
080000742
080001057
080001633
080002490
080004471
080005909
080009619
080013759
080017599
080017625
080018667
080018680
080019130
080019374
080020042
080020171
080020344
080020469
080021471
080021873
080021943
080022176
080024693
080025693
080026030
080026566
080027151
080028192
080033321
080033464
080033726
080034035
080034123
080034751
080035367
080036039
080036088
080036251
080036766
080038576
080040399
080041804
080042587
080044161
080044263
080044700
080044720
080045469
080045541
080046132
080046561
080047185
080048850
080049214
080052136
080053295
080054630
080056291
080056460
080056593
080056693
080057027
080058646
080058671
080058843
080060978
080061336
080061698
080063121
080063220
080063713
080065450
080066215
080070220
080070236
080070829
080071348
080072244
080072335
080073902
080075997
080076444
080076567
080077803
080078377
080078378
080080167
080081998
080082110
080082424
080083095
080083441
080083886
080083946
080085059
080086069
080087289
080087447
080088704
080088754
080090012
080090266
080090340
080090559
080090879
080092706
080093520
080093761
080094142
080095313
080095615
080096011
080097050
080097071
080097234
080099298
080099324
080099453
080100910
080101036
080102120
080103727
080104720
080105318
080105626
080106397
080106439
080107655
080109599
080110157
080110928
080111240
080112167
080112233
080112558
080114197
080114769
080115102
080115156
080116383
080116563
080116911
080118815
080118979
080119432
080119477
080119748
080120162
080123957
080123968
080125202
080127033
080127551
080129367
080129814
080130491
080132316
080133464
080133518
080134308
080136198
080136324
080136969
080137864
080137902
080138434
080140142
080140669
080140916
080141363
080141713
080141923
080143018
080143049
080143578
080143781
080144873
080147594
080149264
080149542
080150379
080151008
080151299
080153109
080154285
080154286
080154609
080154804
080154818
080155347
080155409
080155690
080156176
080156320
080156932
080156962
080156987
080158014
080159182
080160033
080161201
080161513
080162069
080162287
080162447
080162542
080162668
080163344
080163517
080163768
080163972
080164113
080165232
080167174
080168213
080168540
080168593
080170399
080170457
080171115
080171190
080171312
080171604
080174239
080175226
080176221
080176776
080178810
080180956
080181405
080183771
080184442
080184601
080185828
080186801
080188126
080188721
080188859
080189316
080189832
080191585
080192882
080195072
080195511
080195784
080196040
080197186
080200011
080200495
080202297
080202941
080204385
080205399
080205933
080206480
080207015
080209610
080210826
080212429
080212450
080212851
080213319
080214164
080214822
080215120
080215578
080215888
080216001
080216164
080216901
080219233
080219722
080220114
080221016
080221277
080221487
080223587
080224093
080224589
080225876
080226411
080226787
080226816
080228191
080230652
080231056
080231727
080232612
080234820
080234891
080235499
080235527
080235939
080236210
080237137
080237786
080237832
080238587
080239353
080239627
080239833
080240840
080241276
080241696
080243053
080243214
080245585
080245803
080248646
080248648
080249296
080250061
080253033
080253452
080253806
080254005
080254391
080255633
080256077
080256195
080256750
080257750
080257828
080258475
080258867
080258888
080260019
080260818
080261002
080261014
080262438
080263671
080263761
080263964
080265670
080267736
080267935
080268341
080269611
080269976
080270729
080271856
080272337
080272860
080273870
080274834
080275027
080277973
080279052
080280105
080281351
080281895
080282398
080282895
080283088
080283197
080284716
080284891
080286595
080286839
080288666
080289732
080289734
080289958
080291464
080292744
080293642
080293857
080294237
080295164
080295212
080295619
080296299
080296478
080296509
080297340
080297551
080300462
080300862
080301227
080303037
080303350
080303895
080304251
080304753
080304993
080308759
080309211
080309802
080310701
080310886
080311472
080311845
080311901
080315663
080315989
080318754
080318892
080319386
080320814
080321005
080321147
080322184
080322280
080322531
080324764
080324947
080327577
080327680
080328154
080328381
080329939
080330713
080331492
080331971
080332589
080332755
080332797
080333675
080333821
080334351
080334418
080335512
080335614
080336174
080336502
080336522
080336994
080337545
080338809
080339062
080341038
080342525
080342732
080343926
080343975
080344980
080345642
080345713
080346060
080346522
080346885
080347057
080348458
080350150
080351177
080351378
080351731
080351851
080352031
080353702
080353732
080353837
080354263
080355589
080355723
080356276
080356306
080357142
080359211
080359786
080360277
080360964
080361101
080361826
080362133
080362370
080362676
080363311
080365519
080368586
080368789
080368832
080369300
080370192
080370372
080371734
080372072
080372944
080373043
080373093
080373510
080373535
080374126
080375181
080376677
080376827
080378930
080378968
080379181
080379566
080380499
080381021
080381089
080382443
080386077
080387168
080387301
080387324
080387434
080387459
080388138
080388933
080388966
080390533
080391298
080392216
080392338
080393403
080394387
080394536
080394912
080395178
080395520
080395759
080396038
080396770
080397590
080398760
080399078
080399442
080402091
080403308
080404532
080405933
080406555
080407015
080407045
080407204
080407963
080408373
080408725
080408999
080409205
080409843
080410281
080410661
080411226
080412497
080412972
080414189
080414381
080415099
080415617
080417647
080418717
080419005
080421176
080422582
080423159
080423168
080424080
080425029
080425775
080426263
080426643
080427129
080427436
080428273
080428508
080429676
080429807
080430646
080432281
080432391
080433296
080433539
080433649
080435003
080436316
080436626
080437358
080438744
080438754
080438833
080439031
080440615
080440868
080441751
080441944
080443652
080446329
080446407
080447170
080447483
080447978
080449435
080452438
080453238
080457737
080458750
080459087
080459542
080460071
080460536
080460691
080461528
080461842
080462128
080462800
080463125
080463904
080464835
080465584
080467850
080469015
080469500
080470117
080470277
080471066
080473734
080474408
080474646
080474678
080475276
080475679
080475740
080477066
080477345
080477959
080478739
080478892
080480002
080480182
080480464
080480491
080480805
080480930
080481731
080482150
080482815
080483664
080483864
080484464
080485197
080487131
080487161
080490016
080490246
080490253
080490644
080491077
080492772
080492941
080493381
080494127
080495209
080495767
080495839
080496493
080496772
080497184
080497235
080498411
080498793
080499160
080499885
080500474
080500648
080500865
080501246
080502385
080504708
080504867
080505395
080506077
080506226
080506553
080506725
080507314
080507502
080507849
080508698
080509212
080509388
080509805
080510177
080510227
080510530
080511648
080511786
080512049
080512517
080512756
080512770
080512996
080513297
080513878
080514356
080514358
080515195
080515377
080515868
080516367
080516653
080517592
080518055
080518577
080519054
080520377
080522525
080522983
080522984
080523158
080523335
080523953
080524968
080525313
080526169
080526582
080526718
080528824
080530626
080531573
080532997
080533121
080534581
080534817
080536899
080537253
080540116
080540247
080540482
080540838
080541096
080542007
080542661
080543308
080543368
080543436
080543539
080544831
080545326
080545409
080546147
080546598
080547257
080547374
080547480
080547673
080547749
080550896
080551825
080552277
080553858
080553926
080555172
080555346
080556007
080556041
080556727
080557478
080557508
080559482
080560218
080560302
080560862
080561214
080561621
080562303
080563739
080564384
080565034
080565460
080565666
080566723
080568660
080568888
080569084
080570928
080571336
080572355
080573173
080573476
080573591
080574778
080574920
080575017
080575182
080575508
080576243
080576800
080577339
080577582
080577715
080577855
080578029
080578175
080578658
080581151
080581621
080582835
080583591
080584702
080585119
080585574
080585675
080585676
080585898
080585954
080586843
080587141
080589690
080589692
080590150
080590665
080590823
080590868
080591746
080591910
080592860
080593202
080593468
080593540
080594467
080594501
080595132
080595178
080596337
080596583
080597115
080598096
080598111
080598516
080598981
080600712
080600762
080604136
080604607
080605779
080605785
080606200
080606217
080606899
080607388
080607973
080608262
080608833
080608950
080609124
080610588
080611621
080611791
080611848
080612574
080612882
080613409
080613635
080614286
080615266
080615532
080615746
080615831
080616307
080616785
080617594
080617749
080618036
080618195
080619089
080619851
080620171
080620711
080621301
080621413
080621671
080622516
080622772
080623716
080624167
080624519
080624865
080625243
080626180
080626307
080627660
080627664
080627830
080628556
080629193
080630297
080630635
080630911
080631382
080633317
080633588
080633946
080634737
080634892
080635131
080635255
080636624
080637305
080637435
080637569
080638743
080639428
080639651
080639703
080639838
080639903
080640926
080641913
080642002
080642087
080642250
080642492
080642565
080642573
080642600
080643226
080643252
080643270
080644501
080645551
080645891
080647407
080648624
080648657
080649112
080649964
080650132
080650573
080650966
080651242
080651714
080651798
080652983
080653762
080655642
080656110
080656126
080656221
080656641
080657630
080657938
080657996
080658263
080658529
080660534
080660907
080661176
080661228
080661252
080661838
080661985
080662056
080662380
080662382
080662438
080662542
080662583
080662640
080662716
080663075
080663792
080664009
080664039
080664170
080664703
080665170
080665448
080665523
080665532
080666402
080666959
080667434
080668049
080668307
080668735
080668838
080669287
080669569
080670126
080670260
080670333
080670678
080670925
080671302
080671322
080671386
080671577
080672402
080673725
080673733
080676084
080677319
080677389
080678722
080678990
080679240
080679392
080679886
080680300
080680497
080680521
080680789
080680910
080681601
080681938
080682758
080683169
080683906
080684682
080684739
080685075
080685157
080685778
080687077
080687101
080687938
080688469
080689862
080690056
080692241
080693126
080693381
080693896
080694546
080695159
080696242
080696362
080696367
080697291
080697830
080697889
080699378
080700991
080701712
080701986
080702574
080702661
080703028
080703875
080704206
080705283
080705755
080706452
080707143
080707674
080708805
080709728
080710114
080711089
080711335
080712829
080712884
080713127
080713510
080713946
080715170
080715265
080715340
080715760
080716504
080716631
080717056
080717109
080717780
080717881
080718149
080718352
080718546
080718904
080719897
080719937
080720030
080720135
080720139
080720883
080721668
080721765
080722102
080722144
080722784
080723269
080723412
080723545
080723565
080724067
080724865
080724941
080725863
080727311
080728079
080728497
080728944
080729153
080729287
080730510
080730640
080730784
080730808
080731002
080731191
080731448
080731571
080731632
080732777
080733603
080734046
080734075
080734455
080734588
080734595
080734757
080735041
080735091
080735216
080735619
080736116
080736261
080736387
080736401
080736718
080736785
080736892
080736934
080737094
080737165
080737600
080737775
080737809
080737925
080738245
080738264
080738303
080738728
080738736
080738809
080738916
080739571
080739704
080739772
080739819
080740057
080740234
080740541
080740546
080741235
080741657
080742123
080742259
080742960
080743152
080743178
080743581
080743703
080743726
080743779
080743849
080744153
080744252
080744532
080744559
080744815
080745070
080745228
080745711
080745843
080746439
080746891
080746921
080747297
080747357
080747402
080747824
080747878
080748099
080748244
080749973
080750131
080750158
080750381
080750569
080750647
080750954
080751849
080752097
080752334
080752982
080753529
080754625
080754865
080755204
080755427
080755863
080756395
080756625
080756673
080756809
080757179
080757300
080757457
080757567
080757675
080757810
080757849
080758060
080758166
080758297
080758561
080759147
080759326
080759438
080759635
080760060
080761175
080761449
080761554
080761610
080761619
080761721
080761865
080761986
080762060
080762175
080762188
080762573
080762670
080762863
080762993
080763520
080763543
080763812
080764072
080764229
080764233
080764298
080764451
080764815
080765028
080765086
080765270
080765535
080765879
080766110
080766218
080766438
080766611
080766924
080767195
080767770
080768033
080768198
080768212
080768298
080768638
080768726
080768808
080768975
080769033
080769252
080769255
080769391
080769446
080770211
080770478
080771224
080771371
080771470
080771805
080771971
080772434
080772480
080772711
080772759
080772986
080773016
080773026
080773120
080774006
080774477
080774637
080775198
080775220
080775380
080775828
080776294
080776768
080777149
080777151
080777186
080777707
080778569
080778718
080778858
080779174
080779223
080779458
080779835
080779853
080779860
080779911
080780083
080780152
080780542
080780755
080781217
080781515
080782168
080782491
080782856
080782964
080783086
080783330
080783380
080783589
080783654
080783870
080784403
080784488
080784719
080785088
080785176
080786179
080787455
080788137
080788651
080788693
080788916
080789322
080789364
080789375
080790103
080790311
080790726
080791491
080791506
080791861
080792137
080793175
080793948
080794658
080795106
080795125
080795209
080795233
080796022
080796919
080797427
080797760
080797805
080797952
080798251
080798599
080798763
080799525
080799699
080799852
080800192
080801085
080801086
080801230
080801300
080801423
080801861
080801965
080802257
080802541
080802822
080803152
080803271
080803741
080804024
080804073
080804737
080805109
080805390
080805632
080806296
080806329
080806543
080807272
080807547
080807673
080807798
080807924
080808212
080808401
080808778
080809524
080810213
080810420
080810658
080811042
080811177
080811265
080811399
080811634
080811902
080811931
080812042
080812335
080812363
080812408
080812519
080812997
080813062
080813226
080813695
080813868
080814327
080814740
080814813
080814945
080814950
080815154
080815495
080816902
080816929
080817255
080817393
080817400
080817661
080817686
080817798
080818428
080818622
080818647
080818803
080818843
080819281
080819436
080819588
080819725
080819955
080820969
080821117
080821380
080821842
080821897
080822797
080823600
080823709
080823887
080824966
080825534
080825785
080826460
080827181
080827203
080827598
080827935
080828183
080828416
080828553
080828731
080828937
080829363
080829389
080829519
080830082
080830389
080830442
080830833
080831021
080831074
080831146
080831203
080832902
080833029
080833149
080833670
080833891
080834051
080834319
080834356
080834415
080834454
080834483
080834547
080834615
080834699
080834878
080835082
080835341
080835393
080835542
080835553
080836206
080837370
080838530
080838837
080838884
080839527
080839528
080839650
080841221
080841246
080841378
080842422
080842647
080844556
080844586
080844818
080844884
080844916
080845051
080845495
080845521
080845558
080845664
080845908
080846323
080847522
080847794
080848005
080848163
080848217
080848723
080848756
080848831
080848984
080849148
080849300
080849690
080850413
080850558
080850955
080851224
080851485
080851654
080852015
080852218
080852304
080852450
080852671
080852705
080853132
080853220
080853476
080853741
080853920
080853938
080853971
080854765
080854953
080854978
080855004
080856051
080856331
080856501
080856519
080856610
080856656
080857450
080857584
080857746
080858216
080858587
080858668
080858776
080858919
080859230
080859232
080859861
080859862
080860791
080861495
080861711
080861801
080861809
080861840
080861867
080862303
080862613
080862626
080863224
080863621
080864356
080864465
080864469
080865110
080865531
080865566
080865746
080866253
080866314
080866509
080866555
080867605
080867638
080868755
080868836
080868958
080869026
080869118
080869189
080869369
080870289
080870550
080870642
080870715
080870721
080871275
080872303
080872557
080872793
080872969
080872979
080873290
080873668
080874008
080874255
080875201
080875404
080875421
080875579
080875898
080876193
080876440
080879766
080879929
080879969
080880287
080880963
080881430
080881537
080881602
080882041
080882307
080882509
080882764
080883407
080883543
080883926
080884215
080884595
080886313
080886342
080886435
080886787
080886971
080887052
080887059
080888056
080888943
080889038
080889101
080889616
080889719
080889758
080890177
080890415
080890759
080891180
080891235
080891862
080891896
080892066
080892150
080892585
080893088
080893236
080893498
080893998
080894063
080894553
080894889
080895174
080895362
080895405
080895562
080895652
080895709
080895771
080895897
080896021
080896765
080897103
080897688
080897859
080898479
080898992
080899029
080899046
080899521
080899773
080900460
080900965
080901042
080901351
080901977
080902153
080902186
080902312
080902436
080902629
080902676
080902995
080903215
080903348
080903589
080904059
080904379
080904533
080905445
080905465
080905483
080905835
080905956
080906708
080906769
080906774
080906813
080906827
080906906
080906979
080907391
080907484
080907511
080907982
080908210
080908270
080908274
080908346
080908495
080908622
080908634
080908797
080908834
080908839
080909123
080909513
080909665
080909698
080909931
080910164
080910350
080910741
080911461
080911831
080912501
080912740
080912906
080912965
080913099
080913192
080913300
080913302
080913515
080913552
080913736
080914195
080914328
080914543
080914826
080915152
080915250
080915421
080915683
080915763
080915769
080915903
080916052
080916273
080916847
080916878
080917047
080917113
080917126
080917130
080917582
080918023
080918206
080918583
080919208
080919506
080919623
080919752
080920007
080920358
080920624
080920977
080921071
080921975
080922012
080922031
080922272
080922563
080922612
080922729
080923465
080923606
080923700
080924429
080924707
080924785
080925113
080925204
080925612
080925760
080925870
080925880
080926130
080926176
080926186
080926264
080926308
080926661
080926795
080927230
080927356
080927829
080927939
080927964
080928182
080928426
080928939
080929121
080929867
080930027
080930494
080931013
080931014
080931279
080931302
080931783
080932130
080933044
080933990
080934265
080936018
080936112
080936316
080936817
080936974
080937670
080937861
080938319
080939525
080939979
080939991
080940036
080940325
080940549
080940918
080941039
080941470
080942238
080942572
080942627
080943262
080943567
080943980
080944227
080944453
080944544
080944875
080945060
080945268
080945724
080945925
080946768
080947779
080948051
080948144
080948480
080948580
080950076
080950530
080950598
080950728
080950948
080951045
080952346
080952378
080953021
080953027
080953150
080953241
080953548
080953886
080954127
080954167
080954491
080954593
080954855
080955161
080955222
080955868
080956382
080956559
080956631
080957357
080957384
080957638
080957762
080958767
080958901
080959439
080959456
080959815
080960509
080961335
080961749
080962498
080962563
080962601
080962926
080963094
080963746
080963914
080963944
080963983
080963999
080964181
080964288
080964336
080964698
080964719
080964823
080965483
080965802
080965806
080966165
080966173
080966593
080966712
080966804
080966812
080967021
080967739
080968652
080969335
080969364
080969466
080969468
080969625
080970335
080971268
080971414
080972624
080972745
080972852
080973007
080973038
080973050
080973162
080973194
080973643
080974404
080974637
080974805
080974867
080975307
080975534
080975538
080975858
080975945
080976295
080977076
080977153
080977479
080978939
080979204
080979304
080979412
080979417
080979573
080980079
080980170
080980977
080981471
080981601
080981611
080981614
080981621
080982008
080982300
080983343
080983741
080983984
080984067
080984219
080984626
080985012
080985239
080985580
080987656
080987819
080988394
080988419
080988609
080988683
080988708
080988783
080989127
080989719
080989871
080989878
080990217
080990470
080990796
080990830
080991344
080991608
080991996
080992054
080992065
080992067
080992347
080992414
080992486
080992980
080993054
080993292
080993544
080993665
080994507
080994615
080994633
080995017
080995066
080995313
080995487
080995595
080996786
080996891
080997116
080997812
080997842
080997870
080997941
080998507
080998792
080999061
080999291
080999649
081000133
081000598
081000946
081001005
081001300
081001579
081001699
081001718
081001757
081001761
081002005
081002612
081002702
081003002
081003969
081004233
081004693
081004884
081004916
081005217
081005331
081005883
081006113
081006289
081006857
081007365
081007504
081007882
081008296
081008678
081009112
081009223
081009502
081010060
081010154
081010368
081010432
081011728
081012561
081012612
081012665
081012864
081013121
081013170
081013470
081013477
081013763
081014350
081015492
081015742
081016657
081017392
081017810
081018035
081018091
081018309
081018730
081018838
081019109
081019123
081019829
081019945
081020215
081020225
081020409
081020779
081020829
081020994
081021829
081021896
081023103
081023390
081023533
081023578
081024391
081025695
081026002
081026112
081026383
081026665
081026895
081027048
081027071
081027154
081027252
081028229
081028472
081029024
081029594
081029868
081030058
081031175
081031247
081031255
081031619
081031633
081031674
081031970
081032392
081032590
081032905
081032939
081033002
081033453
081033960
081033989
081034573
081034906
081035158
081035607
081035621
081035718
081036064
081036258
081036265
081036636
081036799
081036889
081036930
081037244
081037339
081037381
081037519
081037705
081037777
081037824
081038086
081038390
081039217
081039309
081039458
081039804
081040059
081040598
081040661
081040927
081041065
081041159
081041427
081041437
081041520
081041824
081042076
081042253
081042557
081042647
081042690
081043099
081043491
081043855
081043871
081044034
081044085
081044253
081044559
081044637
081045164
081045218
081045827
081046129
081046279
081046307
081046679
081048141
081048409
081048415
081048670
081050499
081050941
081051277
081055097
081056455
081059497
081060195
081060794
081061475
081062008
081064580
081064594
081065804
081066236
081066484
081066964
081067336
081069907
081071254
081071987
081072355
081072475
081073173
081073192
081074551
081074744
081074773
081074987
081075044
081075202
081076490
081076524
081077358
081078151
081078763
081079398
081080142
081080363
081081842
081081956
081083643
081083820
081086067
081086469
081086729
081086867
081086945
081087288
081087632
081087767
081088865
081089022
081089148
081089220
081089292
081089572
081090220
081091205
081091276
081091408
081091674
081092257
081092494
081092789
081092794
081092812
081094297
081094703
081094799
081094875
081095607
081095609
081096051
081096299
081097642
081097847
081097940
081098617
081099101
081099148
081099423
081099709
081099915
081101202
081101704
081101739
081102177
081102263
081102429
081102475
081102619
081102627
081103025
081103597
081103696
081104896
081105720
081105936
081106083
081106890
081107355
081107676
081107722
081107920
081108230
081108803
081108886
081109177
081110006
081110547
081111041
081111562
081111569
081111571
081111774
081111820
081111892
081112085
081112480
081112536
081112579
081112617
081112658
081112799
081113050
081113372
081113935
081114053
081114322
081114583
081115095
081115208
081115265
081115552
081116061
081116093
081116886
081117291
081117744
081118243
081118266
081118487
081118739
081118835
081118858
081118964
081119514
081120005
081120355
081121081
081121133
081121290
081121979
081122435
081122735
081123095
081124029
081125004
081125427
081125493
081125511
081125512
081125912
081126384
081126462
081126994
081127204
081128598
081129688
081129719
081130340
081130360
081130453
081130510
081130749
081131199
081131468
081131577
081132762
081133107
081133153
081133681
081134259
081134725
081134794
081135419
081135544
081135616
081136180
081136271
081136346
081136459
081136546
081136661
081137161
081137958
081138145
081138420
081139044
081139264
081139926
081140719
081141540
081142048
081143263
081143444
081143503
081143554
081144013
081145102
081146439
081147319
081148411
081148524
081148552
081149009
081149264
081149386
081150014
081150200
081150901
081151123
081151629
081152234
081152236
081152532
081152695
081153777
081153787
081154280
081154810
081154818
081155520
081156388
081156762
081156814
081158642
081158942
081159064
081159323
081159392
081159597
081159642
081160151
081160914
081161375
081162243
081162285
081162294
081163312
081164342
081166085
081166147
081166675
081166983
081167677
081168334
081168564
081168830
081168892
081169095
081169296
081169314
081169971
081170268
081170320
081170352
081170457
081170538
081170684
081170722
081171524
081171588
081171703
081172106
081172733
081172812
081172850
081172897
081173036
081173309
081173825
081174236
081174841
081174854
081174859
081175458
081175617
081176184
081176604
081176836
081177103
081177120
081177313
081177609
081177935
081177955
081178450
081178518
081178521
081178668
081178733
081178773
081179524
081179931
081180767
081181727
081181829
081182525
081182777
081183036
081183263
081183313
081183560
081183868
081184246
081184388
081184935
081184991
081185109
081185396
081185413
081186099
081186365
081187947
081188419
081188995
081189014
081189063
081189293
081190023
081190192
081190422
081190543
081190576
081191136
081191392
081191714
081192217
081192742
081194060
081194218
081194330
081194535
081194665
081194949
081195132
081195576
081196617
081196790
081197260
081197831
081198197
081198528
081198758
081198915
081198938
081199118
081199541
081199950
081200336
081200449
081200487
081200753
081201041
081201120
081201327
081201469
081202380
081202766
081203173
081203259
081203571
081203839
081204231
081204392
081204468
081204868
081204881
081204888
081205042
081205534
081206874
081206895
081207104
081207288
081207400
081207558
081207765
081208064
081208136
081208922
081209405
081209760
081209888
081210238
081210797
081211231
081211567
081212391
081212748
081212769
081212972
081213115
081213122
081213134
081213198
081213536
081214237
081214321
081214346
081214952
081215347
081216343
081216466
081216583
081216848
081217322
081217447
081217532
081217621
081218048
081218290
081220320
081220642
081220811
081221410
081222414
081222502
081222915
081222921
081222928
081223481
081224025
081224180
081224377
081224980
081225046
081225458
081226137
081226818
081227187
081228007
081228503
081228534
081228807
081229138
081229639
081229899
081230069
081230079
081230166
081230534
081230858
081230916
081231368
081231631
081231860
081232024
081232079
081232093
081232411
081233116
081233721
081234153
081235201
081235561
081235928
081235954
081236416
081236462
081236745
081236869
081237073
081238079
081238302
081238556
081239502
081239860
081240952
081242314
081242361
081242398
081242432
081242435
081243480
081243495
081244864
081245838
081245964
081245969
081246140
081246554
081246598
081247242
081247577
081247688
081249095
081250128
081251193
081251290
081251590
081251900
081252687
081252756
081252785
081252833
081253139
081253155
081253268
081253659
081254008
081254403
081254467
081254937
081255241
081255247
081256045
081256065
081256067
081256296
081256562
081257499
081258226
081258426
081258600
081258755
081258764
081259042
081259152
081259463
081259688
081259859
081259987
081260366
081261931
081261983
081262623
081263760
081264091
081264281
081264676
081264769
081265540
081266127
081266167
081266387
081267523
081267534
081267538
081267790
081268180
081268440
081268444
081268816
081268886
081269246
081269426
081269517
081269778
081270159
081270306
081270759
081270912
081270937
081271482
081271675
081271942
081272323
081272678
081273784
081273979
081274134
081274465
081274669
081274686
081274981
081275045
081275805
081275807
081275916
081275933
081276171
081276494
081276804
081276919
081277248
081277290
081277602
081277620
081277740
081277966
081278172
081278336
081278579
081278666
081278777
081279332
081279451
081279508
081279512
081280283
081280285
081280538
081281797
081282144
081282274
081282533
081282682
081282760
081283187
081283594
081284061
081284738
081284998
081285060
081285199
081285279
081285475
081286143
081286331
081286450
081286531
081287399
081287504
081287539
081287642
081287831
081288358
081288600
081288689
081288837
081289085
081289916
081290286
081290342
081290605
081290642
081291480
081291628
081291742
081292220
081293496
081293777
081293787
081293828
081294162
081294173
081294237
081294271
081294318
081295027
081295131
081295183
081296461
081296525
081296672
081296755
081296930
081297205
081297362
081297591
081297692
081297982
081298195
081298665
081298745
081299246
081300122
081300246
081300369
081300675
081300677
081300765
081301038
081301163
081302058
081302102
081302450
081302682
081302763
081303305
081303736
081304046
081304095
081304119
081304880
081305236
081305937
081306804
081307059
081307938
081308223
081309130
081309245
081309625
081309959
081310377
081310823
081310908
081311692
081312309
081312867
081312881
081313508
081314167
081314725
081315356
081315551
081315785
081316762
081316986
081317249
081317441
081317705
081317818
081317959
081318348
081318717
081318759
081320565
081320766
081321306
081323363
081323367
081323577
081323778
081324106
081324428
081324506
081325349
081325877
081325902
081326090
081326682
081326866
081327666
081328243
081328733
081329247
081329294
081329419
081329502
081329556
081330168
081330737
081330767
081331063
081331214
081331347
081331839
081332129
081332179
081332410
081332848
081332893
081332941
081333554
081333712
081334020
081334030
081334226
081334272
081334332
081334805
081334938
081335007
081335248
081335633
081335795
081336067
081336466
081337506
081337895
081338028
081338780
081339698
081340088
081340216
081340371
081340579
081340635
081341773
081341991
081342395
081342762
081343084
081343223
081343452
081343931
081344056
081344177
081344189
081344209
081344244
081344344
081344639
081344972
081345249
081345462
081345928
081346002
081346039
081346393
081346729
081347238
081347383
081347683
081347704
081348307
081348623
081348996
081349341
081349347
081350112
081350883
081351672
081352394
081352538
081352614
081352725
081353488
081353534
081354807
081355117
081355478
081355569
081355974
081356031
081357150
081357389
081357714
081357853
081357961
081358393
081358406
081358711
081358736
081358862
081359151
081359539
081359572
081359782
081359830
081360745
081361907
081362089
081362399
081362506
081362565
081362711
081362748
081363006
081363599
081363734
081364095
081364325
081366099
081366283
081366503
081366723
081367013
081367021
081367120
081367376
081367464
081367824
081368468
081368553
081369438
081369930
081369938
081370713
081371155
081371294
081371805
081372335
081372405
081372534
081372942
081372999
081373127
081373220
081373259
081374173
081374346
081374584
081374994
081375544
081375937
081376144
081376770
081376862
081376870
081377738
081378752
081378808
081379201
081379419
081379651
081380194
081380763
081380809
081381157
081381226
081381456
081381996
081383076
081383494
081384245
081384613
081384754
081385079
081385093
081385272
081385542
081385604
081386170
081386221
081386300
081386539
081386831
081387290
081387385
081387533
081387759
081388024
081388032
081388382
081388383
081388831
081389230
081389372
081389596
081389816
081389984
081390060
081391183
081391202
081391555
081392688
081392807
081392865
081392964
081393009
081393182
081393616
081394507
081394518
081395950
081396012
081396148
081396216
081396280
081396531
081396806
081397437
081397496
081397625
081397942
081398288
081398651
081399166
081399963
081400069
081400997
081401024
081401202
081401691
081401702
081401951
081402324
081402676
081402746
081402929
081403055
081403106
081403327
081403969
081403987
081404041
081404097
081404234
081404623
081404755
081406660
081406831
081406897
081407594
081408032
081408505
081408712
081409176
081409774
081410141
081410285
081410301
081410367
081410643
081410648
081410835
081411135
081411443
081411710
081411714
081411929
081412244
081412717
081412839
081412929
081413367
081413375
081413814
081413846
081414538
081415056
081416249
081416267
081417024
081417971
081418408
081419181
081419665
081419718
081419726
081420030
081420154
081420244
081420450
081420524
081420612
081421645
081422051
081422630
081423004
081423788
081423856
081423915
081423985
081425140
081425145
081425477
081425676
081425749
081426377
081426952
081427153
081427412
081427469
081427634
081427716
081427952
081428520
081428939
081429466
081429603
081429863
081429904
081430089
081430202
081431002
081431110
081431367
081431370
081432300
081432329
081434794
081435036
081435136
081435724
081436575
081436784
081436951
081437306
081438482
081438607
081439386
081439503
081440110
081440123
081440400
081440563
081440617
081440714
081440745
081441631
081442226
081442541
081442593
081443203
081443295
081443317
081443609
081443656
081443715
081443948
081444443
081445032
081445338
081446695
081447330
081447854
081449344
081449722
081450090
081450238
081450675
081450829
081450895
081451851
081452379
081453067
081453358
081454276
081455615
081455683
081455850
081456329
081456502
081456628
081456978
081457002
081457282
081457552
081458053
081458167
081458372
081458409
081459232
081459540
081460027
081460045
081460648
081461431
081461882
081462034
081463581
081463817
081463932
081464445
081466193
081466248
081466521
081466535
081467230
081467426
081467571
081467832
081468002
081468123
081468160
081469026
081469431
081469872
081471890
081472136
081472289
081473435
081473464
081473527
081474278
081474434
081474582
081475007
081475102
081475258
081475543
081475673
081476254
081476623
081477150
081477198
081478412
081478584
081479893
081479927
081480089
081480574
081480586
081480610
081480612
081480768
081480980
081481030
081481520
081481646
081482007
081482050
081482261
081482552
081483850
081484084
081484700
081485075
081486286
081486347
081486367
081486955
081487284
081489248
081489369
081490146
081491216
081492199
081492863
081493260
081495583
081495591
081496329
081497415
081498415
081498465
081500715
081500907
081501961
081502323
081502713
081504229
081506018
081506234
081506508
081507103
081507265
081508267
081508871
081509076
081509793
081509878
081510436
081511282
081512767
081513621
081513685
081513820
081513906
081514001
081514067
081514530
081514564
081516012
081516040
081516261
081516507
081516823
081517129
081518877
081520406
081520890
081520902
081521306
081521496
081521670
081522727
081523158
081523243
081523338
081523788
081524147
081525439
081526719
081526936
081527275
081528100
081528731
081528933
081530114
081530706
081530962
081531372
081531550
081531570
081531659
081532112
081532501
081532770
081532996
081533102
081533524
081534136
081534194
081534701
081534776
081535070
081535230
081535284
081535704
081536211
081537545
081537703
081537742
081538171
081538572
081539073
081539189
081539597
081539912
081540074
081540544
081540719
081540743
081541165
081541231
081542030
081542128
081542129
081542558
081543055
081543488
081543493
081543565
081543968
081544690
081544882
081544923
081545246
081545320
081545816
081546931
081547284
081548965
081549877
081550808
081550973
081551194
081551376
081551867
081551889
081552079
081552912
081553629
081554232
081554322
081554848
081555181
081555405
081555741
081556418
081556606
081557602
081557732
081557876
081557892
081558258
081558935
081558974
081559504
081559652
081560454
081560566
081560742
081561693
081561702
081561726
081561924
081562026
081562233
081562528
081562603
081563355
081563357
081563827
081563903
081563906
081563932
081565117
081565390
081566835
081566948
081567181
081567301
081567931
081567968
081568151
081569262
081570376
081570392
081570570
081571111
081571186
081572331
081573271
081573442
081573990
081574415
081574874
081574959
087002937
087003398
087018321
087018503
087021523
087024600
087027223
087028023
087029500
087031175
087042263
087050241
087062477
087066502
087080552
087080610
087091179
087092052
087092367
087095865
087102042
087103404
087109377
087109682
087111969
087113643
087116414
087122289
087122362
087122636
087125787
087127973
087131652
087133195
087135000
087135638
087144309
087144564
090547605
093655504
097900401
098080300
200100997
200104581
200104743
200106552
200106873
200111481
200161837
200164894
200165375
200166009
200168896
200168986
200169508
200170558
200170990
200171056
200171682
200171687
200173353
200174641
200174920
200176403
200177270
200177975
200181846
200182015
200183273
200183382
200185507
200186766
200186801
200187338
200188296
200188651
200188678
200188825
200188894
200189963
200190778
200191102
200191114
200191239
200191458
200193247
200194183
200194594
200194780
200194798
200194981
200195199
200195286
200195344
200195353
200195913
200196957
200197437
200197470
200197509
200197563
200197762
200197775
200198365
200199185
200199346
200199354
200199449
200199499
200202847
200202938
200203108
200204315
200204728
200205090
200205097
200205642
200206025
200207354
200209258
200210186
200210968
200213152
200213570
200213723
200214138
200214250
200214344
200214383
200214443
200216125
200216239
200216294
200218730
200219128
200250561
200250678
200250982
200251889
200252503
200252745
200253244
200253340
200254321
200255655
200256688
200257349
200257907
200266033
200266289
200267346
200268518
200268753
200271075
200271196
200271812
200272073
200275039
200275458
200275602
200276832
200276896
200276963
200276991
200277175
200279280
200280884
200280885
200281398
200282003
200284370
200284813
200285066
200285111
200286610
200286703
200287152
200287843
200288077
200288172
200288292
200289417
200289443
200290682
200291815
200292029
200292482
200293263
200296814
200297414
200298516
200299555
200300204
200302470
200303732
200304557
200304833
200308162
200308551
200308720
200309362
200310177
200311623
200311948
200312280
200314921
200315206
200315937
200316831
200316943
200318254
200319668
200320132
200320690
200320837
200321833
200323559
200324289
200324309
200326092
200326138
200326271
200326518
200327733
200329262
200329330
200330097
200330235
200330486
200330939
200331244
200331843
200332018
200332198
200332928
200332960
200333177
200333234
200333729
200334055
200334232
200336268
200336335
200336496
200336592
200336914
200337010
200339144
200339363
200339894
200340898
200341725
200341803
200342309
200342579
200343605
200343733
200343762
200343850
200345202
200345358
200346466
200346484
200346759
200346795
200348095
200348382
200349202
200350264
200350589
200351315
200352118
200352130
200353623
200354492
200354934
200354935
200355457
200356250
200356633
200356741
200357658
200358195
200358523
200359201
200359241
200359617
200359730
200360540
200360555
200360572
200360584
200360643
200360669
200361244
200361792
200361918
200362205
200362804
200364203
200365088
200365625
200365838
200365849
200365957
200366484
200366691
200366871
200366941
200367354
200368066
200368604
200369576
200369734
200370806
200371029
200371385
200371567
200372850
200373319
200374042
200374061
200374443
200375613
200376678
200376753
200378435
200378474
200378559
200378592
200378691
200378775
200380402
200380409
200381942
200382482
200392238
200392370
200394016
200394950
200397254
200397996
200402664
200406113
200406946
200415709
200416576
200419027
200426428
200432624
200433749
200440885
200445095
200449323
200457155
200458295
200461479
200462522
200463947
200465829
200466978
200470293
200474549
200477497
200478540
200479555
200479709
200480844
200484449
200484731
200486929
200488376
200489026
200490782
200493176
200493358
200496175
200499012
200500171
200500987
200501169
200501352
200502239
200502908
200503713
200503780
200504309
200505545
200505631
200505643
200505849
200506554
200506565
200507055
200507437
200507588
200507906
200507962
200508487
200508677
200510979
200511568
200511619
200512945
200515073
200515817
200518358
200519178
200520394
200520579
200520866
200523175
200523610
200523748
200524158
200524950
200525721
200526193
200526650
200526732
200528075
200529150
200536787
200537888
200538808
200538919
200539068
200540445
200540580
200540637
200540724
200541525
200541895
200542129
200543324
200544861
200544862
200544905
200544908
200544965
200544986
200545421
200545462
200546372
200547341
200549610
200549757
200551739
200553563
200553789
200553800
200554189
200554591
73228132
73983348
801163830
81389659115201614591
