80144873
76790211
73214231
80642242
80263964
81275346
74765173
80357261
80109599
76583095
76338474
80701602
72866205
74136151
72436306
81231631
81194158
81275807
70286893
80337877
30118913
81417024
74169350
81405574
81457926
73331381
80764451
7958481
76340058
70989405
81461184
200329530
81427153
81246598
80845051
80830442
80593540
31611031
74715236
81393182
80018667
80650966
70442322
81295942
81212769
81402324
81401202
81359151
72165285
81252687
73656803
81220320
80779174
81115552
81124211
50220094
80992067
80061698
80303350
72667942
8881922
87029500
31975550
80236210
70209473
80987656
10743722
81169095
80975858
81008678
81009587
80957357
4785317
73017089
73099228
81002005
80994729
81003969
81125512
80845051
81237073
81029661
87113643
31590011
77119998
50630052
81217621
81269517
80917126
80263964
81183263
80539092
81295942
80018667
80642242
73214231
50492008
81275346
74765173
80492772
80357261
80766438
80423168
6089072
80351851
81122561
81037244
71152730
80220114
80916273
81265016
81277602
80061462
80961216
81136546
76583095
81282682
80668838
81238725
76186410
80328381
50468875
80274438
81276171
81295183
81361141
70189527
80997870
75271593
80830442
71811368
76895440
75337808
80593540
81344244
81389680
74136151
80853920
81200631
81032905
80571739
80492941
81037519
81212595
81304880
75873034
50626332
75962647
81373259
75389049
81331434
80747402
81274686
77177558
70451570
87073425
74253782
75416693
81402324
81323153
81231631
81326929
81038390
81194158
80490016
76329259
81074744
81404242
80857320
81393182
81401024
70863428
81434794
80560862
70062120
81317959
80650966
80870134
76950773
30148860
80963394
80989127
80983741
80154285
80337877
80929867
30118913
74390923
70864582
50980978
81425717
81417024
72074289
87082533
70442322
81456479
81478977
81405574
81480404
71906614
81000946
6652754
80506553
80842647
81489248
31611031
81191827
80764451
81544690
81306388
200329530
81301038
80880666
200366484
74842758
30494108
80698630
200416576
81531372
200433749
200429865
51625051
81295363
200367275
200396225
200451409
80284724
51175016
80607388
200485302
80944875
81181142
81153741
200544965
71730048
80618900
81069907
80045172
80374126
77256741
81480608
70722962
200276134
200469129
81087583
200493389
200188259
200562549
81234658
80661270
81252264
200553623
200339363
73368375
81561697
200512945
80507849
70898366
80141642
80608833
77267458
200280884
81217296
77105930
200630883
200630682
200635894
81209137
200575760
200303745
200327733
81445032
80480182
80522525
81349341
81031693
76453273
76821313
30706337
71284947
80577339
74898446
80874008
81256923
81362711
6564439
75485516
71405336
75032342
80860791
81278579
81286143
81304598
81205534
87095865
80744153
81334272
80941039
80771470
51140143
81277966
73436065
81029868
81359572
73722605
80463904
80969335
7333131
81473435
80498007
81286531
81168892
80434667
200300204
81431110
70956511
200360669
81286531
76836022
200502908
73523482
200433749
51596625
81160151
200279280
200448715
200550691
80066441
80977153
73986945
75447920
51596625
200397254
80923606
200183382
200485302
80906813
80163344
80455964
80951045
71857502
72165285
71878029
80696362
76880475
200254321
200319668
80144873
76790211
73214231
80642242
80263964
81275346
74765173
80357261
80109599
76583095
76338474
80701602
72866205
74034208
74034208
75470492
74136151
75873034
72436306
81231631
81194158
81275807
81421764
70286893
81318878
80337877
30118913
81425717
81417024
74169350
81405574
81457926
73331381
73233926
80253452
80866509
80764451
7958481
76340058
80561620
70989405
81461184
200329530
81427153
87082533
80997870
81237073
50752609
8677817
75962647
81387385
81373127
200204728
80845051
71284947
81246598
81295942
80018667
70567094
81252687
72165285
80593540
80830442
81285279
80805409
81037244
80899773
81017392
81032905
81359151
81401202
81402324
81212769
81393182
80650966
80874008
70442322
74715236
81000946
31611031
81563903
81323363
200207354
200293263
81173309
200329302
81411710
81561924
81117291
72588031
