80591025
81208290
80513878
4808952
81130360
80793240
00747881
80617594
77099877
10530152
75305615
72131170
81124211
75589812
80525313
80101036
80159666
80106397
74223876
6564439
6887160
77130581
80759635
80289734
81112536
80979412
77169704
80922272
70079306
80627664
70828249
07702178
70318910
80585574
71073100
72587983
80077803
70555230
73063109
80395759
71482061
80144527
81046679
80496772
80309802
81035309
71434237
76453273
73994840
80738736
81011728
30372882
80161201
80828553
74747981
75217331
73917197
50220094
70171665
80017625
80964719
80758561
70126222
74949348
31773203
72346679
71312177
72334519
80370192
80880666
80215120
71990105
81028472
76574847
80509388
72339195
80627660
80750158
81170015
31402563
72590136
81106083
80992067
71405658
7980089
73877672
80271856
80195072
76586130
80209610
81170538
1140128
80680300
80061698
75427633
50564475
71226161
81169971
9637471
80303350
72954217
72667942
8881922
81037824
81183313
80906914
80831146
80379566
81180767
80578658
50208677
75962076
80226816
70475611
73102121
87029500
70203773
10614782
31073612
80755427
50870997
80425029
81173939
74472424
80331492
76821313
80679821
72325152
74441452
74667049
80879071
81171524
75610485
80736401
80260818
75919902
80556727
3560372
75198713
80046132
87080362
80144873
81203551
50015593
71955587
31975550
80953548
81161297
7369754
80236210
50098730
75485516
80104720
75076646
80611621
81201652
70209473
73097990
80987656
5596622
80506077
81111842
10743722
81094799
81112568
81186365
77104693
81169095
81158942
81214950
30706337
80681601
81190192
80994615
80699931
73932022
80606217
50505908
70164231
81031674
51514198
81162113
80975858
74333691
50110493
81008678
81227112
72054778
74733221
9606641
80136198
81185109
81139926
80322184
70377908
76191766
76616069
72840077
81139264
80757567
80867384
73656803
81009587
81190576
80615746
77110963
80713946
76683648
4242020
70631619
70646955
76917095
75624239
80926795
73463457
80136324
80156987
72389943
80511786
81108551
72492663
80957357
80888943
70344536
4785317
70134051
71405336
74593286
81178087
31732472
80921071
30939268
80493381
71210322
81059295
73017089
73894768
51786978
80605936
73866949
80679886
51669422
81214644
75142430
0546777
1000753708
1002627291
1000848149
1001806194
1001394669
2093547
2547576
1000872103
1001074582
1002821208
6519711
2126890
1000773988
1000803774
1002079690
1000780821
1001402185
2501527
2137986
2076821
1000836684
1001040991
1003174736
1000874219
1000867405
1001324989
1000897419
1893007
1001169199
1002155251
1002321631
1000847075
1002055817
1001505095
1002422385
80075997
1000514220
1000793856
1002059746
2139316
1000397122
1002898651
72695182
1000736123
1001133117
1000812007
2052990
2146892
1000999965
1001350854
2612559
50432848
80124955
73020943
80684294
1000852182
1001241676
1002691864
2143843
1000308278
1003449937
3113629
1001522460
1001127343
1001803391
1002234317
1001037935
1000577376
1001166364
1000395902
1000786007
1000538262
1002757258
2716294
2737187
1000530372
1002338775
1001127316
1630417
1001333785
3248437
1002325753
3252542
1506826
70647516
100187249
1003255478
1519170
10057313
80461842
1002998479
2119355
1002552984
1000835085
1001053980
1000949027
80763253
80440736
75046599
73099228
81002005
72595044
72846231
80994729
80136279
71275754
75091231
81003969
51639979
31484702
80788623
74831843
81235201
1003072722
1000579364
1000028108
1002050780
1000667927
1001176445
1002089474
1001166718
1001037052
2081638
1003674921
1000769622
2585477
80993054
72588031
80256077
81076479
7999303
75235085
7211063
77021616
81011220
81133107
80232612
81121979
73756520
80886971
6892822
72339823
80002490
75273268
81125512
51555878
81232024
81252785
80845051
81237073
72207442
30273619
08310500
80924429
81009076
80988609
10371409
81029661
81226137
76893239
81115265
81263760
74978883
87113643
80568179
2384250
1001833717
1000798708
1001132062
1001803808
1000840838
1000330232
1001036593
73872855
81147319
9419102
74840273
80110928
80908834
80417647
2304764
1001131397
1003595486
1000730542
81266190
80975801
75741710
90547605
80407045
80729415
80812042
80221277
81134259
81076524
80653762
81264477
80562303
75032342
80954851
80860791
81191392
50854140
31517428
71287064
76790211
31590011
80739571
81261218
81004233
77119998
75341222
81166147
80506226
80819281
80188859
80901351
76583731
70834650
75887885
70717855
80737165
81234503
50630052
80192813
31404908
1001351096
1001254313
1000845883
2112455
2117246
1000323919
1000741255
1000983232
1002137236
1634737
1001268066
76836584
81274134
80797938
81256562
71284947
71083703
81217621
71225833
71913743
80857189
81269517
70433198
80155276
80076444
75304766
80433649
74199613
76220417
51039964
74370578
80507502
80373510
80176221
73154064
81278579
80943262
72479009
80188721
79046330
1000993953
80917126
81220320
81246598
76937960
80263964
81286143
70425020
81183263
81273285
80539092
81277620
81295942
80054630
80018667
71570113
80642242
50752609
80236286
80080167
73214231
73983348
70677315
74138884
87122289
80153109
50492008
80897103
7734619
81275346
81278744
80406555
74765173
75348557
80492772
80357261
81277248
80766438
81205534
80423168
81295183
81289708
6089072
74034208
81177189
80899773
80351851
81017392
80577339
81122561
80297340
76442557
81037244
80376827
73927709
80988708
80656126
51698926
80868958
75874164
8009177
76157403
74448820
71152730
97900401
80220114
80462800
81152532
81307672
81304598
1001048171
1002785183
1002350229
2527375
1000794024
1001209513
1002081307
2074588
1003487788
1002032907
1002343315
2137338
1003245651
1000091243
2490756
1002895716
1003848268
1564994
1562454
1000986244
1003823765
1523861
1003027597
1001235517
1000821130
2494524
1001035830
1000508413
3113935
2305943
1001395195
1000365842
1003237918
10000943586
1001333641
1002757503
1003589431
80892642
80935224
80333675
81205534
87095865
77189728
80485197
81291742
81332941
80916273
80156932
81080363
81133153
80401189
71039259
81265016
81277602
80163344
80779223
32004137
80744153
81324106
81332893
80061462
80109599
80961216
81136546
76583095
80778858
05696091
70567094
81334272
70469820
75342030
81282682
80910741
80870982
81335248
80768975
80668838
73660441
70614714
81252687
80889616
72165285
75059386
81224025
81231150
81238725
80038296
80000707
80066441
8758526
81161375
81262623
81341231
80253452
81239860
80941039
80101288
1000555497
1002945215
1001505429
76186410
75470492
80473734
31059140
80771470
80328381
81362399
50468875
81071987
80977153
80805409
80274438
81276171
8677817
80779174
81276102
80337856
81287000
81294251
51151413
81037244
80455964
74942293
81295183
74034208
80899773
81017392
80615532
81382744
81366723
81032392
80906979
81384245
75470492
73851222
72866205
81362711
81364095
80951045
81361141
81048141
81334332
81048141
71743645
8105496
80735052
70189527
81285279
80997870
80701602
70991336
72645187
81348307
80969364
81342621
75271593
70238811
71857502
81335633
80830389
80989497
51140143
80830442
80170582
9446683
71524201
71811368
76895440
75337808
81033989
80593540
80906813
76186410
80672402
81344244
81331347
81333554
76338474
76392562
81389680
80802289
72906530
81359151
80905956
72165285
74136151
80853920
80484464
72094675
81200631
73997900
81119652
81032905
80571739
81388032
81277966
1002066097
1001082090
3197299
1001045968
1000705430
1001157682
1000281596
1000131715
2062390
1000212589
1001334154
80492941
81379651
81164342
81389680
81037519
81212595
81304880
75873034
75280966
50626332
81304774
75962647
81373259
71888549
75389049
81331434
80168593
81355974
80669691
81354807
80000311
72436306
80747402
81274686
81403112
71878029
1000995664
80423171
77177558
07163066
81375937
1003240081
1001408921
1002353174
1001052206
1003676881
1005183702
81313508
70451570
74953589
81404755
87073425
74253782
80861840
75416693
4071403
81402324
81406660
81323153
81231631
2216580
1002806813
81326929
81396012
81038390
81401202
81375937
81115552
6027619
81194158
80490016
76329259
75342204
81408032
80829389
81212769
81074744
81404242
81387385
80857320
81371155
71375992
80801637
50949403
2020688
2087434
1000783832
1000415419
1001230047
2146733
2105347
2215852
10000694669
1653000
1002371667
1000983890
1001350490
81393182
73860561
81401024
81399963
1000521101
1001464085
1001803391
1001127343
81275807
81427634
70863428
81434794
81432585
70682067
80132806
80560862
81423004
80337666
81403987
70062120
81317959
80234820
80650966
81195132
80269976
76886787
80870134
81423985
81387419
76950773
81436260
81387419
74898446
72155070
81371620
30148860
81318878
80963394
80989127
70286893
73986945
81373127
51531986
50500289
81421764
80983741
81433599
80154285
80470928
80997941
80337877
80929867
81174841
30118913
81168334
73436065
74390923
81029868
10620771
81212748
80874008
81134393
75066738
75370817
70864582
50980978
81435724
81425975
81136346
81425717
73154718
81417024
81359572
73722605
80463904
80969335
7333131
71886121
81425676
72074289
81423915
81473435
87082533
30329791
70442322
80297551
81473527
81256923
31727829
81456479
70784590
81457926
81478977
81405574
81480404
81460636
71906614
81269495
80389808
81479777
80890990
81000946
81396216
6652754
80506553
76318492
80842647
80463125
81453067
81489248
30767321
80757810
80480002
80474678
80053442
80465809
81455683
73331381
81102627
81490088
81191422
73233926
87035127
81482007
80810658
81156762
77089993
76725050
51566107
80498007
80759147
74169350
74715236
81500843
80990796
81508267
81515159
81513906
81418802
81177120
75447920
81286531
81230534
81031503
80465584
81168892
31611031
81563903
00538369
001020365
002444560
003171076
001751699
80009619
000950100
001825558
000522027
001931658
03211716
002463376
80339062
81090220
003307664
003371851
001233056
003285733
000644092
002447978
002322046
001624580
003230588
002271726
001327548
00331629
001332127
003401473
80434667
81571111
5773896
7457563
5828305
6843813
81392865
003324152
003144408
003144408
81431370
081186617
81191827
72766488
87042123
81558157
81010368
81431370
080866509
80764451
76582071
81323363
007958481
000050223
076340058
200199499
200207354
80696362
200194981
200204728
076539253
200256688
76880475
200254321
080773120
200210968
81544690
81194330
80334351
81449722
200293263
80982113
007163066
008283004
200301470
081554781
070426036
200300204
81306388
001783349
200319668
81496973
70552690
80561620
80751546
81173309
200187061
81431110
70989405
81461184
80737600
200329530
200195913
200329302
81427153
81089022
200320945
200341725
81411710
81191827
80423171
87082533
200351315
81561924
80115102
200346894
70956511
77115202
81480612
75485516
81301038
80880666
81117291
70552690
77052348
200360669
200290682
200352880
200361918
200362984
200177270
80149264
74856394
200366484
80331971
080297551
200354628
080940036
792752
200111481
81401691
70919139
003647021
80818197
200369734
080526718
80870289
81154607
080239488
31633324
74842758
200366484
200398244
70645460
30494108
200398132
81408843
81074744
81286531
80987656
80904763
81293513
200396680
200367788
81101704
200196610
200412590
80178414
200281209
74100603
70567813
200418837
200426908
200416557
200209258
30396568
80698630
200366772
80839836
200100997
74053919
200416576
81531372
200307353
80717109
200433749
200462419
80565460
80723269
80604136
200328112
80498411
51596625
80378612
81509878
200463677
80877637
200429865
200296031
7033400
75513622
51625051
50626332
200195875
7891542
200397254
200104581
81373898
81125912
81497718
81497718
80923606
200348021
80333692
76836022
75015776
81295363
80418810
200367275
200102694
200396225
81558270
200451409
80284724
200206096
200183382
200502908
80983343
51175016
72133721
80411226
5911573
200163665
81200487
80607388
81251067
73980450
81264091
77271898
200336335
70722962
200469766
81160151
75108019
81064594
200308720
200276134
200469129
200485302
200365625
81203259
200521938
200488376
80944875
200286354
80829363
801358599
80948490
74042623
50501436
80167882
81258006
81181142
200203880
81153741
200522376
81230629
200544965
200511862
73523482
71730048
80618900
81493270
76304153
81069907
81041824
80045172
200371567
80374126
76104199
81522773
200490782
200500367
31402563
87122636
77256741
80681777
200471466
87085544
200394292
81480608
200551032
81486286
80883210
81086723
71983167
81300677
31276736
81316986
73149700
80662056
81408712
80482150
70088877
76145747
81389984
81467571
80601610
50029628
70923800
81397942
81498465
73007486
81047063
80112233
81302683
200340474
80519769
200433749
200462419
80723269
80723269
80604136
200328112
80498411
51596625
80378612
81509878
200463677
80877637
200429865
200296031
7033400
75513622
51625051
50626332
200195875
7891542
200397254
200104581
81373898
81125912
81497718
81480612
80923606
200348021
80333692
76836022
75015776
81295363
80418810
200367275
200102694
200396225
81558270
200451409
80284724
200206096
200183382
200502908
80983343
51175016
72133721
80411226
5911573
200163665
81200487
80607388
81251067
73980450
81264091
77271898
200336335
70722962
200469766
81160151
75108019
81064594
200308720
200276134
200469129
200485302
200365625
81203259
200521938
200488376
200441582
81087583
200493389
8486672
200493358
75572412
81432329
81289877
70353172
200188259
200540280
200325326
80207852
200562549
81234658
200279280
80661270
81252264
200553623
200339363
200423957
80441065
200434217
73368375
81561697
200512945
80507849
200565664
70898366
50101955
200319226
80141642
80697830
80608833
200479740
76516731
77267458
81562026
200280884
200554489
81217296
81238854
200213152
200478540
77105930
200630883
80461528
80312745
200630682
200630614
200503780
200588683
200631480
200632959
200634163
81362711
200636017
200635894
81209137
200575760
200303745
200320115
007734619
81141540
50626332
71674485
200327733
81445032
81344344
200542129
200415709
200303537
80480182
200448715
80522525
200319353
81349341
76786235
81464019
200582457
200354188
76004548
200587455
81315785
200634719
200311132
80958527
200299394
51247641
76231695
80513474
80893591
200441748
200502491
081299352
05703285
80953571
71771125
200635562
71992168
200669255
200633117
81007436
200501352
200214657
81439782
81537739
81374185
81541165
200410844
92082809
200414535
200106138
81300246
200681718
200682341
200684553
80988172
80614967
80856277
80701712
80884987
72340102
50180967
200585310
80569084
200689962
76292424
81235697
74965013
200394950
80735984
81045457
81492027
200676628
9760935
200374970
81554264
81142126
74440249
80927964
200698658
200529429
75164533
80136279
200565775
081562691
200550691
81264676
200588419
80373093
76919133
200709816
200679075
4744892
80897534
200719725
200340088
80783589
200367275
200656295
80386077
095390407
081153424
81031693
200369129
200357837
071812572
076414382
081564422
073479727
31561780
10405793
070333158
081274771
075889790
080254391
081304548
200710444
200524666
81457552
080748725
200341803
72654221
200726304
80065169
200520869
80751598
81277189
74578410
30537815
200660121
81037319
