00747881
81124211
6564439
76453273
50220094
80992067
80061698
80303350
72667942
8881922
87029500
76821313
80879071
80144873
31975550
80236210
75485516
70209473
10743722
81169095
30706337
80975858
81008678
73656803
81009587
80957357
4785317
71405336
73017089
80124955
73099228
81002005
80994729
80136279
81003969
1000769622
80256077
81076479
81125512
80845051
81237073
81029661
87113643
80908834
75741710
80407045
75032342
80860791
76790211
31590011
77119998
50630052
71284947
81217621
81269517
70433198
80155276
80433649
73154064
81278579
72479009
79046330
80917126
81220320
81246598
76937960
80263964
81286143
70425020
81183263
81273285
80539092
81277620
81295942
80054630
80018667
71570113
80642242
50752609
80236286
73214231
74138884
87122289
50492008
81275346
81278744
80406555
74765173
80492772
80357261
81277248
80766438
80423168
81295183
81289708
6089072
74034208
81177189
80899773
80351851
81017392
80577339
81122561
80988708
74448820
71152730
80220114
80462800
81304598
80892642
80935224
80333675
81205534
87095865
77189728
80485197
81291742
81332941
80916273
80156932
81080363
81133153
80401189
71039259
81265016
81277602
80163344
80779223
32004137
80744153
81324106
81332893
80061462
80109599
80961216
81136546
76583095
80778858
05696091
70567094
81334272
70469820
75342030
81282682
80910741
80870982
81335248
80768975
80668838
73660441
70614714
81252687
80889616
72165285
75059386
81224025
81231150
81238725
80038296
80000707
80066441
8758526
81161375
81262623
81341231
80253452
81239860
80941039
80101288
76186410
75470492
80473734
31059140
80771470
80328381
81362399
50468875
81071987
80977153
80805409
80274438
81276171
8677817
80779174
81276102
80337856
81287000
81294251
51151413
81037244
80455964
74942293
81295183
74034208
80899773
81017392
80615532
81382744
81366723
81032392
80906979
81384245
75470492
73851222
72866205
81362711
81364095
80951045
81361141
81048141
81334332
81048141
71743645
8105496
80735052
70189527
81285279
80997870
80701602
70991336
72645187
81348307
80969364
81342621
75271593
70238811
71857502
81335633
80830389
80989497
51140143
80830442
80170582
9446683
71524201
71811368
76895440
75337808
81033989
80593540
76186410
80672402
81344244
81331347
81333554
76338474
76392562
81389680
80802289
72906530
81359151
80905956
72165285
74136151
80853920
80484464
72094675
81200631
73997900
81119652
81032905
80571739
81388032
81277966
1001334154
80492941
81379651
81164342
81389680
81037519
81212595
81304880
75873034
75280966
50626332
75962647
81373259
71888549
75389049
81331434
80168593
81355974
80669691
81354807
80000311
72436306
80747402
81274686
81403112
71878029
1000995664
80423171
77177558
07163066
1003240081
1001408921
1002353174
1001052206
1003676881
1005183702
81313508
70451570
74953589
81404755
87073425
74253782
80861840
75416693
4071403
81402324
81406660
81323153
81231631
1002806813
81326929
81396012
81038390
81401202
81375937
81115552
6027619
81194158
80490016
76329259
75342204
81408032
80829389
81212769
81074744
81404242
81387385
80857320
81371155
71375992
80801637
50949403
2020688
2087434
1000783832
81393182
73860561
81401024
81399963
81275807
81427634
70863428
81434794
81432585
70682067
80132806
80560862
81423004
80337666
81403987
70062120
81317959
80234820
80650966
81195132
80269976
76886787
80870134
81423985
76950773
81436260
81387419
74898446
72155070
81371620
30148860
81318878
80963394
80989127
70286893
73986945
81373127
51531986
50500289
81421764
80983741
81433599
80154285
80470928
80997941
80337877
80929867
81174841
30118913
81168334
73436065
74390923
81029868
10620771
81212748
80874008
81134393
75066738
75370817
70864582
50980978
81435724
81425975
81136346
81425717
73154718
81417024
81359572
73722605
80463904
80969335
7333131
71886121
81425676
72074289
81423915
81473435
87082533
30329791
70442322
80297551
81473527
81256923
31727829
81456479
70784590
81457926
81478977
81405574
81480404
81460636
71906614
81269495
80389808
81479777
80890990
81000946
81396216
6652754
80506553
76318492
80842647
80463125
81453067
81489248
30767321
80757810
80480002
80474678
80053442
80465809
81455683
73331381
81102627
81490088
81191422
73233926
87035127
81482007
80810658
81156762
77089993
76725050
51566107
80498007
80759147
74169350
74715236
81500843
80990796
81508267
81515159
81513906
81418802
81177120
75447920
81286531
81230534
81031503
80465584
81168892
31611031
81563903
00538369
001020365
002444560
80009619
80434667
5773896
7457563
81392865
81431370
081186617
81191827
72766488
87042123
81010368
080866509
80764451
007958481
076340058
80696362
200204728
76880475
200254321
81544690
200300204
81306388
001783349
200319668
81496973
70552690
81173309
200187061
81431110
70989405
80737600
200329530
200329302
81427153
81089022
200320945
200341725
81411710
81191827
200351315
80115102
200346894
70956511
77115202
81480612
81301038
81117291
200360669
200352880
200362984
200177270
74856394
200366484
80331971
080297551
080940036
792752
200111481
81401691
70919139
80818197
200369734
080526718
80870289
81154607
080239488
31633324
74842758
200366484
200398244
70645460
30494108
200398132
81408843
81074744
80904763
81293513
200396680
200367788
81101704
200196610
80178414
200281209
70567813
200418837
200426908
200416557
200209258
80698630
200366772
80839836
200100997
74053919
200416576
81531372
200307353
80717109
200433749
200462419
80565460
80723269
80604136
200328112
80498411
51596625
80378612
81509878
200463677
80877637
200429865
200296031
7033400
75513622
51625051
50626332
200195875
7891542
200397254
200104581
81373898
81125912
81497718
81497718
80923606
200348021
80333692
76836022
81295363
80418810
200367275
200102694
200396225
200451409
80284724
200183382
200502908
80983343
51175016
72133721
80411226
5911573
200163665
81200487
80607388
81251067
73980450
200336335
200276134
200469129
200485302
200521938
200488376
80944875
200286354
80829363
801358599
80948490
74042623
50501436
80167882
81258006
81181142
200203880
81153741
200522376
81230629
200544965
200511862
73523482
71730048
80618900
81493270
81069907
81041824
80045172
200371567
80374126
76104199
200490782
200500367
31402563
87122636
77256741
80681777
200471466
81480608
81086723
200433749
200462419
80723269
80604136
200328112
80498411
51596625
200429865
200296031
51625051
200195875
81373898
81480612
200396225
72133721
200163665
81200487
81251067
81264091
77271898
200336335
70722962
200469766
81160151
75108019
81064594
200308720
200276134
200469129
200485302
200365625
81203259
200521938
200488376
200441582
81087583
200493389
8486672
75572412
81432329
81289877
70353172
200188259
200325326
80207852
200562549
81234658
200279280
80661270
81252264
200553623
200339363
200423957
80441065
200434217
73368375
81561697
200512945
80507849
200565664
70898366
50101955
200319226
80141642
80697830
80608833
200479740
76516731
77267458
81562026
200280884
200554489
81217296
81238854
200213152
200478540
77105930
200630883
80461528
80312745
200630682
200630614
200503780
200588683
200631480
200632959
200634163
81362711
200636017
200635894
81209137
200575760
200303745
200320115
007734619
81141540
50626332
71674485
200327733
81445032
81344344
200542129
200415709
200303537
80480182
200448715
80522525
81349341
76786235
81464019
200582457
200354188
76004548
200587455
81315785
200634719
200311132
80958527
200299394
51247641
76231695
80513474
80893591
200441748
200502491
081299352
05703285
80953571
71771125
200635562
